Q 2      d       141       3   4   4 141  18     82%     0.39
Q 3      a       116     116   9  26  10   9     68%     0.27
Q 4      d       143       7   8   7 143   5     84%     0.3
Q 5      c       116      11  24 116   5  14     68%     0.48
Q 6      e        86       7  69   6   2  86     50%     0.16
Q 7      c       144       7   3 144   8   8     84%     0.37
Q 8      c       116      31   8 116   7   8     68%     0.41
Q 9      a       143     143   5   4   5  13     84%     0.47
Q10      d       143       2   5  13 143   7     84%     0.38
Q11      c       121       6   6 121  31   6     71%     0.48
Q12      d        50      61  34   8  50  17     29%     0.055
Q13      e        29      16  20  82  23  29     17%     0.093
Q14      b       129      12 129   4  20   5     75%     0.42
Q15      d       148       6   4   5 148   7     87%     0.44
Q16      e        42       1  27  24  76  42     24%     0.23
Q17      a       160     160   3   7   0   0     94%     0.34
Q18      c        74       7  60  74   9  19     43%     0.15
Q19      b       120      41 120   7   1   1     70%     0.45
Q20      d        96       1   1  11  96  61     56%     0.23
Q21      c       142       4   8 142   4  12     83%     0.53
Q22      e        76       8  12  28  46  76     44%     0.21
Q23      c       100      20  38 100   7   5     58%     0.45
Q24      e        97      37   3   9  24  97     57%     0.29
Q25      c       142      14   1 142  12   1     83%     0.32
Q26      c       126       6   0 126   8  30     74%     0.47
Q27      d       157       2   4   3 157   4     92%     0.23
Q28      b       114      21 114  13   9  13     67%     0.45
Q29      e       121       2   4  37   6 121     71%     0.48
Q30      b       147       3 147   8   6   6     86%     0.59
Q31      d       147       4  10   7 147   2     86%     0.47
Q32      c       110      14  10 110  22  14     64%     0.49
Q33      b       106      17 106   6  20  21     62%     0.51
Q34      a        97      97  37  17   6  13     57%     0.33
Q35      c        71      64   4  71   9  22     41%     0.16
Q36      e        53      17  26  27  47  53     31%     0.14
Q37      a        92      92   1   7   3  67     54%     0.37
Q38      c       110       4  10 110  40   6     64%     0.44
Q39      d       146       3   5   9 146   7     85%     0.49
Q40      d        43      46   9  35  43  37     25%     0.15
Q41      b       147      13 147   8   1   1     86%     0.52
Q42      a       106     106  12  32  19   1     62%     0.49
Q43      d       113      19  12   7 113  19     66%     0.45
Q44      c       111       2  19 111  34   4     65%     0.43
